5498676156
2147483647
1772825368
5498676129
54986761568
1775677393
1786063815
(123) 456-7890
54986761298
1771942244
54648004748
5464800474
1786106043
2153846154
1123828526
426-6546990
11238285267
1784573052
1784572878
1784573009
844-872-4681
1786341371
0501050105
3330507167
218822426028
1189968715
4601233900
1464645710
427238637642566
4280408272
1867445363
118472908172897
176838910674150
317418191615817
398240836869162
1370268540386
9378152830
655533774808209
4902900844
114248129254622
106229221051476
5259342109
4785739521
2065296293
144246340271985
169011506491295
4081430859
1134297620
1730042446
252002641498535
333050716732105
206529629372368
664638680273646
7698571397
160339344047502
2188224260
1603310558
184605778338568
175257766291975
163828286987751
1851841315
176560238041960
1768389106
1752577662
3624002939
4668827370
349774478396157
2074091326
3070171626
3109393322
1370268540
1354091665
131514060764735
2520026414
525934210910141
122656527842056
113429762015861
730097607131117
1299595262544
1690115064
17294463927
3789677488
1605048073
1146080748
3843506315
218566908564369
1603225519672
273375356172196
5656885037
1370268567
209857686718
478573952173735
586856208161152
106133980722472
2479908122
1638282869
117461228379000
378967748836213
147183171307641
10860597051
3077802762
222493134493922
1784339456
285960408117397
3336477800
6126350623
126404198009505
146464571044468
985916134909087
159787640045965
388427768185631
1370268567833
1678910832
1195793015
1226565278
310939332270090
3531028411
3122924855
2859604081
385499078129720
375081249171867
2272456807
466882737009651
194633827256676
7300976071
333647780005544
2307986770
370233926766473
145928592172074
1299594984794
152263366463049
1250584909
1442463402
217171551640146
9859161349
182842831756930
3702339267
1299594984
123326971154939
240349086055056
465264530180856
5868562081
1459285921
1441994342
502566449790031
109079110426776
1846057783
1174612283
395867780593657
3982408368
320520588000085
1603310558983
353102841161
460123390028
2024426831
1952090675
195209067500314
1522633664
1603310905799
1597876400
196833853688656
3980184202
1299595262
2403490860
354672164565195
22724568071
5025664497
1233269711
167891083224996
326182960762584
265626156847421
6646386802
1729446392
1061339807
312292485564363
1086059705
114608074879994
1184729081
307017162692056
686814348097821
1111567922
1471831713
2098576867
1291132820
156272997395905
3854990781
173004244677
6555337748
1016214671
1603393440
2656261568
3497744783
6868143480
61263506236
1765602380
318424514044
1968338536
1603310905
2733753561
428040827230778
111156792247197
2185669085
1032012031
2171715516
247990812241506
125058490980757
1291132820288
119579301504003
135409166525475
3184245140
306255172770146
3884277681
4652645301
307780276294187
2187404159
632493333805962
1449827109
230798677012118
1090791104
7670882199
3174181916
3546721645
769857139754987
3261829607
3695895663
160504807323251
369589566399283
3205205880
1828428317
1264041980
1562729973
1142481292
237796269600506
937815283021844
14498271095
1062292210
2019959599
192657607776229
207409132619743
408143085978521
767088219985590
1926576077
565688503775086
103201203106202
1315140607
2377962696
218740415905
202442683196210
398018420213195
101621467178509
6324933338
384350631577399
118996871563050
362400293941960
490290084411688
201995959908210
3750812491
1603225519
3958677805
1946338272
4272386376
185184131584797
2224931344
3062551727
178433945604162
1693545613
1718151573
1717551575607
621652-4727
1783649367101
1695793697920
1718151573358
0463130717
1718156799232
1783649367
1695793697
1718156799
1717551575
1693545613885
7169151263
716915126341969
1035448005
6392193817
7194274846
1119207568
8034404218
639219381719466
1681210192783
1786341376
1786110172
1786341376253
2094122080
6119646833
1681210192
61196468338
1034326071
1786110173
1681210125
000000000000000
1681210125266
1786341376150
1785967737
0947324568
1681210391
1681210129
1786110173000
1681210129343
1785967737759
1662619616
1681210391271
1786110172396
103432607151238
0000000000
1662619616000