2013080511
2022031807
1800801920
+61 13
1358620234
20060220155432
+1800
20130805115902
20200128064348
1327269900
2020012806
2010121406
1239400231
+2025
2018052415
1364279517
1368532237
20200128064327
20260809165104
2012022707
20071129191221
+1300
2016032607
2007112919
2006022015
20120227070840
20180524151359
20170422142143
1364180890
2017042214
20131010123039
2013101012
0488076353
1333133064
2026080916
20220318070241
20160326075206
+2007
1333433106
20101214064111
+2012
1368155459
20140426012549
1358620234
2010102715
20170703073108
20200430100447
20131002064755
7513200000
1327269900
1337588703
1239400231
1364279517
1368532237
1248332772
2026080917
20101027155604
20260809170035
2017070307
2020043010
1041539562
20221101004045
1364180890
1333133064
2014042601
2013100206
1333433106
132671-2011
2022110100
4736842105
71028037383
49367088608
1025641025
20140521204959
41121495327
14960629921
74226804124
4074074074
4953271028
21649484536
16513761468
8620689655
09523809524
7341772151
1869158878
9047619047
1574803149
8818897637
4299065420
4672897196
5688073394
89873417722
88073394495
6082474226
7716535433
6822429906
37037037037
94495412844
6190476190
03448275862
1551724137
90825688073
5979381443
18691588785
07594936709
26582278481
9743589743
22834645669
48120300752
87179487179
8461538461
81481481481
1203007518
57943925234
0759493670
9842519685
53271028037
4135338345
5897435897
76923076923
3291139240
50393700787
29310344828
19047619048
55555555556
3700787401
0618556701
08256880734
75862068966
6551724137
92913385827
1358620234
9690721649
59259259259
0787401574
60759493671
20183486239
6422018348
08270676692
5555555555
20191210045127
4485981308
4556962025
53164556962
42857142857
7525773195
26605504587
3103448275
51282051282
6923076923
83458646617
0689655172
171231301077
72413793103
2012102417
37007874016
44827586207
0256410256
962025316456
936708860759
66929133858
7706422018
4112149532
32911392405
7241379310
9620253164
9055118110
296296296296
21495327103
896551724138
17948717949
24137931034
28037383178
8607594936
2019021921
8195488721
3670886075
01503759398
1794871794
7974683544
10236220472
15037593985
96240601504
2477064220
8267716535
857142857143
1834862385
71428571429
20689655172
6972477064
7692307692
95238095238
1111111111
72180451128
1904761904
9624060150
3082706766
7857142857
6329113924
87341772152
55172413793
4887218045
38095238095
1364279517
07874015748
901-133-0000
6542056074
02255639098
0091743119
06329113924
7422680412
11278195489
25641025641
64220183486
5563909774
90476190476
86075949367
82677165354
5641025641
8888888888
20090802023319
5639097744
8037383177
4137931034
6206896551
68965517241
2222222222
6691729323
79310344828
57142857143
49606299213
08860759494
58620689655
0344827586
27819548872
2164948453
78571428571
79381443299
5321100917
4661654135
4444444444
2142857142
77165354331
3703703703
8571428571
17757009346
632911392405
91729323308
379310344828
3622047244
20160208012232
095238095238
2931034482
3793103448
323308270677
20071022051230
2022103119
6582278481
6666666666
96907216495
60824742268
1308411215
047619047619
73417721519
15384615385
772151898734
046728971963
2660550458
52293577982
46153846154
61538461538
6075949367
5172413793
0632911392
7142857142
1127819548
52380952381
46728971963
75257731959
8899082568
3831775700
1559633027
6299212598
6165413533
14285714286
56880733945
9259259259
2026080922
6034482758
53543307087
+86-10-65612308
00917431193
41772151899
75700934579
448275862069
6466165413
44444444444
06896551724
9655172413
3076923076
4482758620
5354330708
2003484569
3551401869
8275862069
43307086614
30769230769
1712313010
2009080202
6448598130
4587155963
2007102205
20201104152246
20121024172257
5046728972
07407407407
7619047619
+86-10-68995110
51724137931
20260809223833
7721518987
1578947368
8227848101
9133858267
2016020801
1034482758
37931034483
0769230769
10256410256
5316455696
53211009174
8148148148
7938144329
65420560748
9449541284
1775700934
20221031192554
308270676692
7067669172
74074074074
23308270677
1327269900
22222222222
36697247706
2405063291
9367088607
80952380952
4177215189
92125984252
47619047619
90977443609
0476190476
6141732283
20190407062805
2019121004
66972477064
551724137931
25925925926
6202531645
259259259259
2481203007
61417322835
1503759398
677165354331
15789473684
603448275862
785714285714
3233082706
64485981308
7969924812
12030075188
1804511278
66917293233
10344827586
89473684211
58974358974
58646616541
9310344827
1239400231
92592592593
86206896552
6153846153
2283464566
0225563909
8971962616
1379310344
2631578947
5864661654
5128205128
4303797468
620253164557
1023622047
2016101114
7037037037
48275862069
40740740741
7179487179
2803738317
13793103448
8974358974
6616541353
2330827067
7586206896
46616541353
33333333333
85046728972
59793814433
0827067669
5794392523
69724770642
44859813084
571428571429
88188976378
7948717948
4936708860
45871559633
6697247706
5925925925
6896551724
24812030075
93103448276
2413793103
7594936708
89743589744
96551724138
8734177215
8345864661
6185567010
2962962962
6541353383
2180451127
06766917293
31034482759
8717948717
9082568807
26315789474
333333333333
2857142857
15517241379
85714285714
9291338582
89719626168
803738317757
2781954887
75949367089
43037974684
413533834586
4094488189
88990825688
64661654135
11111111111
65413533835
8095238095
84482758621
7102803738
8448275862
62962962963
758620689655
0150375939
8947368421
703703703704
15748031496
61904761905
11009174312
3448275862
56390977444
07692307692
91338582677
6296296296
0740740740
70642201835
4311926605
35514018692
1323194599
9523809523
5229357798
1538461538
77443609023
62992125984
5862068965
34482758621
9172932330
1467889908
7064220183
20221031192549
97247706422
9097744360
97435897436
5039370078
1368578325
7744360902
61855670103
28571428571
32283464567
77064220183
9606299212
96062992126
92307692308
36220472441
7407407407
35897435897
4615384615
3589743589
7931034482
068965517241
2592592592
69230769231
66165413534
81954887218
4285714285
14678899083
4761904761
0467289719
9212598425
7218045112
42990654206
6692913385
24050632911
20260809223921
62068965517
2068965517
8965517241
67088607595
2658227848
3333333333
0886075949
1496062992
2564102564
4960629921
2014052120
38317757009
82278481013
1333133064
1100917431
18045112782
71794871795
9541284403
9230769230
48872180451
21804511278
20190219211812
8987341772
3228346456
43119266055
0825688073
4330708661
61654135338
05511811024
47368421053
0934579439
7570093457
70676691729
41379310345
55639097744
455696202532
5517241379
5327102803
7777777777
90551181102
132319459973
18348623853
6835443038
79746835443
20161011144858
3809523809
8504672897
2149532710
4812030075
0551181102
04761904762
1651376146
1724137931
2019040706
6708860759
68224299065
0676691729
428571428571
155963302752
36708860759
400-881-0000
6771653543
02564102564
2018348623
38461538462
1428571428
95412844037
88888888889
3669724770
8807339449
9724770642
3846153846
79487179487
4827586206
77777777778
1184024115
21428571429
5238095238
24770642202
793103448276
84615384615
65517241379
0952380952
5714285714
09345794393
66666666667
1333433106
2020110415
2013061012
20050305084920
20190821130909
20130320124010
20060629065713
2009010721
2014041902
2014050109
20140216214400
2006092518
20130328101152
20140302202815
20140712132513
2012050311
20130528140218
1327269900
1364279517
20061105053417
2014020807
2013021708
2014010308
20220326095818
8573473743
+2011
20130827124700
+0871
2013042117
2013052813
2006010221
+0872
20130328101226
+1799
2013061013
20120503115003
20120918011856
2013052814
2005030508
20140406225954
+2004
20130704185401
2014030220
20130320124114
+0845
20090107215635
+0873
1239400231
1090685614
1368532237
2022032609
2012070807
20120708073713
2013062608
1333133064
20060102213933
+1600
20140419021625
+0500
2015042702
1358620234
2011021216
20110212160841
20130421170248
2014040622
+1 264
+2010
+0843
2014021621
857347374346426
20150427022443
2013022209
2015062012
20130320124034
20060925183912
2013082712
20130320124137
20130610131355
1364180890
20130606124352
+0844
20130222092739
20130528133347
2012091801
2013060612
+1 664
2006110505
20110526094331
+1999
20260809165617
20140208073438
+1 649
2013032810
20150620123751
20090208225034
20060118040346
20130813045353
2006011804
+0201
20260809165618
+1 441
2011052609
2009020822
2013081304
20140103080014
20130217082048
2006062906
20130610124719
20130626084747
2019082113
2013070418
20130328101127
+1 284
2014071213
2026080916
+1 345
2013101501
2013032012
20140501090536
1333433106
1359514498
20131015012114
20190108143105
1250555019
20151009050925
20120907012738
250-555-0199
1358620234
2012090701
20080316221411
(212 736-5000
2019121204
1349610755
314 159-2653
20200219122756
2023092122
19991003042549
2013011801
20191212044033
2011071809
+12505550199
20220127210318
234 911-5678
1327269900
12505550199
1239400231
1305414688
1364279517
1368532237
+2018
20120604000904
20150722050455
2008031622
234 235-5678
1364572213
2012060400
20230921223657
2015072205
20260809165225
212 736-5000
2019010814
+1-876
123 234-5678
20260809164906
1364180890
1333133064
2026080916
20130118013335
2020021912
20110718092807
2022012721
2015100905
1333433106
213-555-0123
1999100304
+2019
1335083303
1250555019
+2017
250-555-0199
250-5550199
250 555 0199
1358620234
20260808150841
2016042508
20160425083909
+12505550199
1327269900
2018022709
12505550199
1239400231
1364279517
20260808150552
(250) 555-0199
20180227095632
1364334568
1333133064
2026080815
1333433106
02020000510005
20260809165826
1358620234
000-0000428
1333433106
+0311
20260809165807
1327269900
2021100317
1239400231
1364279517
2021082202
1368532237
0202000051
000042891501
+2011
20211102112059
2021110211
1333133064
2026080916
20221031192813
20210822025518
2022103119
20200914171825
2020091417
20211003175613
20221031192953
1334657411
1339369440
2022103103
+262 692
+262 693
+590 590
1358620234
20221031150917
+594 694
20221031150913
2022103115
+21333
2020080802
+594 594
2020080807
20200808030122
1239400231
20210914144222
20221031032126
1364279517
2005020606
20221031150919
+262 262
20050206062048
2020080805
20221031150914
20200808020125
+596 696
20221031150915
+596 596
+262 639
2020080804
20200808044733
2020080803
2026080814
2022032612
+596 697
+262 269
+1985
1333133064
20200808071002
+590 690
20221031150916
20260808141815
20220326122547
20260808142104
+590 691
1333433106
+262 263
2021091414
20200808050053
20200808031518
1333133064
2026080916
1327269900
1358620234
1239400231
1366463445
1364279517
20260809165200
1368532237
800-890-0288
1358620234
800-703-2111
20081220102823
800-703-2110
2008122010
800-729-0001
2008051203
1327269900
20090122120526
2012073006
1239400231
800-701-2141
1364279517
2016082216
20081226060638
20160822163734
20260808144009
20120730061242
2026080814
2008122606
1364180890
2009012212
1333133064
1333433106
1358015598
202-555-0123
800-061-6161
20080512034529
800-703-2100